420	420	7860
1	1	1.06469e+09
1	5	1.00971e+07
1	7	4.49885e+08
2	2	4.27728e+08
2	4	-4.23887e+06
2	8	2.08102e+08
3	3	1.044e+06
3	9	-1.044e+06
4	2	-4.23887e+06
4	4	642011
4	5	-7.54537e-09
4	6	-139397
4	7	4.63526e+06
4	8	-4.23887e+06
4	9	2.91487e+06
4	10	-87659.4
4	12	139397
4	13	4.63526e+06
4	15	2.91487e+06
4	46	-497833
4	47	7.54537e-09
4	48	3.77272e-09
4	49	7.00813e-26
4	50	-4.9823e-11
4	51	1.08893e-10
5	1	1.00971e+07
5	4	-7.54537e-09
5	5	4.62654e+06
5	6	-846.896
5	7	1.00971e+07
5	8	101628
5	9	57997.5
5	11	-4.49143e+06
5	46	7.54537e-09
5	47	-483.312
5	48	846.896
5	49	1.98006e-09
5	50	101628
5	51	57997.5
6	4	-139397
6	5	-846.896
6	6	8.031e+06
6	7	-9.83994e+06
6	8	-209829
6	9	-4.73689e+06
6	10	139397
6	12	-295918
6	13	-9.83994e+06
6	15	-4.63526e+06
6	46	3.77272e-09
6	47	846.896
6	48	-1748.57
6	49	-3.95088e-09
6	50	-209829
6	51	-101628
7	1	4.49885e+08
7	6	-9.83994e+06
7	5	1.00971e+07
7	4	4.63526e+06
7	7	1.57203e+09
7	8	-3.58059e-06
7	9	2.41034e+08
7	10	-4.63526e+06
7	11	-4.08493e-06
7	12	9.83994e+06
7	13	1.47056e+08
7	15	6.72318e+07
7	46	-7.00813e-26
7	47	-1.98006e-09
7	48	3.95088e-09
7	49	-3335
7	50	3.13049e-07
7	51	1.56891e-07
8	5	101628
8	7	-3.58059e-06
8	4	-4.23887e+06
8	2	2.08102e+08
8	6	-209829
8	8	4.61552e+08
8	9	1.63415e+07
8	10	7.97257e-08
8	12	-1.26781e-07
8	13	-4.21575e-06
8	14	-89130.8
8	15	-2.65106e-06
8	46	4.9823e-11
8	47	-101628
8	48	209829
8	49	3.13049e-07
8	50	1.66242e+07
8	51	8.0491e+06
9	7	2.41034e+08
9	6	-4.73689e+06
9	8	1.63415e+07
9	3	-1.044e+06
9	4	2.91487e+06
9	5	57997.5
9	9	1.57605e+08
9	10	-2.91487e+06
9	12	4.63526e+06
9	13	6.72318e+07
9	15	4.66119e+07
9	46	-1.08893e-10
9	47	-57997.5
9	48	101628
9	49	1.56891e-07
9	50	8.0491e+06
9	51	4.59886e+06
10	4	-87659.4
10	8	7.97257e-08
10	6	139397
10	9	-2.91487e+06
10	7	-4.63526e+06
10	10	1.13594e+06
10	11	-7.28401e-09
10	12	-278794
10	13	5.36442e-07
10	14	-2.04597e-09
10	15	3.12526e-07
10	16	-87659.4
10	18	139397
10	19	4.63526e+06
10	21	2.91487e+06
10	52	-960625
10	53	7.28401e-09
10	54	7.26364e-09
10	55	-1.85246e-23
10	56	-2.04597e-09
10	57	-3.98191e-10
11	5	-4.49143e+06
11	7	-4.08493e-06
11	10	-7.28401e-09
11	11	8.98421e+06
11	12	-1798.78
11	13	2.87378e-09
11	14	215854
11	15	163316
11	17	-4.49143e+06
11	52	7.28401e-09
11	53	-1360.97
11	54	1798.78
11	55	2.87378e-09
11	56	215854
11	57	163316
12	9	4.63526e+06
12	6	-295918
12	7	9.83994e+06
12	4	139397
12	10	-278794
12	8	-1.26781e-07
12	11	-1798.78
12	12	595885
12	13	-1.0782e-06
12	14	-485802
12	15	-215854
12	16	139397
12	18	-295918
12	19	-9.83994e+06
12	21	-4.63526e+06
12	52	7.26364e-09
12	53	1798.78
12	54	-4048.35
12	55	-5.31794e-09
12	56	-485802
12	57	-215854
13	10	5.36442e-07
13	4	4.63526e+06
13	6	-9.83994e+06
13	8	-4.21575e-06
13	11	2.87378e-09
13	9	6.72318e+07
13	12	-1.0782e-06
13	7	1.47056e+08
13	13	1.01471e+09
13	14	8.58829e-07
13	15	4.82068e+08
13	16	-4.63526e+06
13	18	9.83994e+06
13	19	1.47056e+08
13	21	6.72318e+07
13	52	1.85246e-23
13	53	-2.87378e-09
13	54	5.31794e-09
13	55	-16965
13	56	4.17475e-07
13	57	2.25954e-07
14	11	215854
14	12	-485802
14	8	-89130.8
14	13	8.58829e-07
14	10	-2.04597e-09
14	14	7.86195e+07
14	15	3.48909e+07
14	20	-89130.8
14	52	2.04597e-09
14	53	-215854
14	54	485802
14	55	4.17475e-07
14	56	3.81512e+07
14	57	1.69141e+07
15	4	2.91487e+06
15	11	163316
15	9	4.66119e+07
15	12	-215854
15	7	6.72318e+07
15	13	4.82068e+08
15	10	3.12526e-07
15	6	-4.63526e+06
15	14	3.48909e+07
15	8	-2.65106e-06
15	15	3.20794e+08
15	16	-2.91487e+06
15	18	4.63526e+06
15	19	6.72318e+07
15	21	4.66119e+07
15	52	3.98191e-10
15	53	-163316
15	54	215854
15	55	2.25954e-07
15	56	1.69141e+07
15	57	1.28817e+07
16	12	139397
16	13	-4.63526e+06
16	10	-87659.4
16	15	-2.91487e+06
16	16	1.13594e+06
16	17	-7.28401e-09
16	18	-278794
16	19	-5.96046e-08
16	20	-2.04597e-09
16	21	-1.04706e-07
16	22	-87659.4
16	24	139397
16	25	4.63526e+06
16	27	2.91487e+06
16	58	-960625
16	59	7.28401e-09
16	60	7.26364e-09
16	61	-1.85246e-23
16	62	-2.04597e-09
16	63	-3.98191e-10
17	11	-4.49143e+06
17	16	-7.28401e-09
17	17	8.98421e+06
17	18	-1798.78
17	19	2.87378e-09
17	20	215854
17	21	163316
17	23	-4.49143e+06
17	58	7.28401e-09
17	59	-1360.97
17	60	1798.78
17	61	2.87378e-09
17	62	215854
17	63	163316
18	13	9.83994e+06
18	10	139397
18	15	4.63526e+06
18	16	-278794
18	12	-295918
18	17	-1798.78
18	18	595885
18	19	3.5231e-07
18	20	-485802
18	21	-215854
18	22	139397
18	24	-295918
18	25	-9.83994e+06
18	27	-4.63526e+06
18	58	7.26364e-09
18	59	1798.78
18	60	-4048.35
18	61	-5.31794e-09
18	62	-485802
18	63	-215854
19	13	1.47056e+08
19	15	6.72318e+07
19	16	-5.96046e-08
19	12	-9.83994e+06
19	17	2.87378e-09
19	18	3.5231e-07
19	10	4.63526e+06
19	19	1.01471e+09
19	20	8.58829e-07
19	21	4.82068e+08
19	22	-4.63526e+06
19	24	9.83994e+06
19	25	1.47056e+08
19	27	6.72318e+07
19	58	1.85246e-23
19	59	-2.87378e-09
19	60	5.31794e-09
19	61	-16965
19	62	4.17475e-07
19	63	2.25954e-07
20	14	-89130.8
20	16	-2.04597e-09
20	17	215854
20	18	-485802
20	19	8.58829e-07
20	20	7.86195e+07
20	21	3.48909e+07
20	26	-89130.8
20	58	2.04597e-09
20	59	-215854
20	60	485802
20	61	4.17475e-07
20	62	3.81512e+07
20	63	1.69141e+07
21	16	-1.04706e-07
21	13	6.72318e+07
21	12	-4.63526e+06
21	15	4.66119e+07
21	17	163316
21	18	-215854
21	10	2.91487e+06
21	19	4.82068e+08
21	20	3.48909e+07
21	21	3.20794e+08
21	22	-2.91487e+06
21	24	4.63526e+06
21	25	6.72318e+07
21	27	4.66119e+07
21	58	3.98191e-10
21	59	-163316
21	60	215854
21	61	2.25954e-07
21	62	1.69141e+07
21	63	1.28817e+07
22	18	139397
22	19	-4.63526e+06
22	21	-2.91487e+06
22	16	-87659.4
22	22	1.13594e+06
22	23	-5.47323e-09
22	24	-278794
22	25	5.96046e-08
22	26	-4.29594e-09
22	27	-1.64268e-08
22	28	-87659.4
22	30	139397
22	31	4.63526e+06
22	33	2.91487e+06
22	64	-960625
22	65	5.47323e-09
22	66	1.08852e-08
22	67	-4.1764e-23
22	68	-4.29594e-09
22	69	-1.52563e-09
23	17	-4.49143e+06
23	22	-5.47323e-09
23	23	8.98421e+06
23	24	-1798.78
23	25	3.08368e-09
23	26	215854
23	27	163316
23	29	-4.49143e+06
23	64	5.47323e-09
23	65	-1360.97
23	66	1798.78
23	67	3.08368e-09
23	68	215854
23	69	163316
24	18	-295918
24	19	9.83994e+06
24	21	4.63526e+06
24	16	139397
24	22	-278794
24	23	-1798.78
24	24	595885
24	25	5.43892e-08
24	26	-485802
24	27	-215854
24	28	139397
24	30	-295918
24	31	-9.83994e+06
24	33	-4.63526e+06
24	64	1.08852e-08
24	65	1798.78
24	66	-4048.35
24	67	-5.21544e-09
24	68	-485802
24	69	-215854
25	19	1.47056e+08
25	21	6.72318e+07
25	16	4.63526e+06
25	22	5.96046e-08
25	23	3.08368e-09
25	24	5.43892e-08
25	18	-9.83994e+06
25	25	1.01471e+09
25	26	8.42454e-07
25	27	4.82068e+08
25	28	-4.63526e+06
25	30	9.83994e+06
25	31	1.47056e+08
25	33	6.72318e+07
25	64	4.1764e-23
25	65	-3.08368e-09
25	66	5.21544e-09
25	67	-16965
25	68	4.09252e-07
25	69	2.42786e-07
26	20	-89130.8
26	22	-4.29594e-09
26	23	215854
26	24	-485802
26	25	8.42454e-07
26	26	7.86195e+07
26	27	3.48909e+07
26	32	-89130.8
26	64	4.29594e-09
26	65	-215854
26	66	485802
26	67	4.09252e-07
26	68	3.81512e+07
26	69	1.69141e+07
27	19	6.72318e+07
27	21	4.66119e+07
27	16	2.91487e+06
27	22	-1.64268e-08
27	23	163316
27	24	-215854
27	18	-4.63526e+06
27	25	4.82068e+08
27	26	3.48909e+07
27	27	3.20794e+08
27	28	-2.91487e+06
27	30	4.63526e+06
27	31	6.72318e+07
27	33	4.66119e+07
27	64	1.52563e-09
27	65	-163316
27	66	215854
27	67	2.42786e-07
27	68	1.69141e+07
27	69	1.28817e+07
28	22	-87659.4
28	24	139397
28	25	-4.63526e+06
28	27	-2.91487e+06
28	28	1.15911e+06
28	29	-2.74003e-09
28	30	-312544
28	31	561051
28	32	9.77237e-08
28	33	411019
28	34	-110822
28	36	173147
28	37	5.19632e+06
28	39	3.32589e+06
28	70	-960625
28	71	2.74003e-09
28	72	7.25512e-09
28	73	-1.76024e-23
28	74	-3.06846e-09
28	75	-1.17181e-09
29	23	-4.49143e+06
29	28	-2.74003e-09
29	29	9.46929e+06
29	30	-1798.78
29	31	-4.52425e-06
29	32	215854
29	33	163316
29	35	-4.9765e+06
29	70	2.74003e-09
29	71	-1360.97
29	72	1798.78
29	73	1.85129e-09
29	74	215854
29	75	163316
30	24	-295918
30	25	9.83994e+06
30	27	4.63526e+06
30	28	-312544
30	29	-1798.78
30	22	139397
30	30	669470
30	31	-1.24923e+06
30	32	-485802
30	33	-776906
30	34	173147
30	36	-369503
30	37	-1.10892e+07
30	39	-5.19632e+06
30	70	7.25512e-09
30	71	1798.78
30	72	-4048.35
30	73	-3.01672e-09
30	74	-485802
30	75	-215854
31	24	-9.83994e+06
31	25	1.47056e+08
31	27	6.72318e+07
31	28	561051
31	29	-4.52425e-06
31	22	4.63526e+06
31	30	-1.24923e+06
31	31	1.03976e+09
31	32	5.21336e-06
31	33	4.93267e+08
31	34	-5.19632e+06
31	35	4.5261e-06
31	36	1.10892e+07
31	37	1.33198e+08
31	39	5.96604e+07
31	70	1.76024e-23
31	71	-1.85129e-09
31	72	3.01672e-09
31	73	-16965
31	74	2.36674e-07
31	75	1.45833e-07
32	26	-89130.8
32	28	9.77237e-08
32	29	215854
32	30	-485802
32	31	5.21336e-06
32	32	7.86291e+07
32	33	3.48909e+07
32	34	-1.00792e-07
32	36	1.57476e-07
32	37	4.72602e-06
32	38	-98757
32	39	3.02488e-06
32	70	3.06846e-09
32	71	-215854
32	72	485802
32	73	2.36674e-07
32	74	3.81512e+07
32	75	1.69141e+07
33	22	2.91487e+06
33	25	6.72318e+07
33	27	4.66119e+07
33	28	411019
33	29	163316
33	30	-776906
33	31	4.93267e+08
33	32	3.48909e+07
33	24	-4.63526e+06
33	33	3.29116e+08
33	34	-3.32589e+06
33	36	5.19632e+06
33	37	5.96604e+07
33	39	4.40655e+07
33	70	1.17181e-09
33	71	-163316
33	72	215854
33	73	1.45833e-07
33	74	1.69141e+07
33	75	1.28817e+07
34	28	-110822
34	30	173147
34	31	-5.19632e+06
34	32	-1.00792e-07
34	33	-3.32589e+06
34	34	665174
34	35	-6.41873e-12
34	36	-173147
34	37	-5.19632e+06
34	38	-4.23887e+06
34	39	-3.32589e+06
34	41	-4.23887e+06
34	76	-497833
34	77	6.41873e-12
34	78	3.75989e-09
34	79	-5.8378e-24
34	80	-1.59032e-09
34	81	-7.70247e-10
35	29	-4.9765e+06
35	31	4.5261e-06
35	34	-6.41873e-12
35	35	5.11161e+06
35	36	-846.896
35	37	1.00971e+07
35	38	101628
35	39	57997.5
35	40	1.00971e+07
35	76	6.41873e-12
35	77	-483.312
35	78	846.896
35	79	4.3957e-10
35	80	101628
35	81	57997.5
36	28	173147
36	30	-369503
36	31	1.10892e+07
36	32	1.57476e-07
36	33	5.19632e+06
36	34	-173147
36	35	-846.896
36	36	8.10458e+06
36	37	1.10892e+07
36	38	-209829
36	39	5.09469e+06
36	76	3.75989e-09
36	77	846.896
36	78	-1748.57
36	79	-7.70247e-10
36	80	-209829
36	81	-101628
37	28	5.19632e+06
37	30	-1.10892e+07
37	31	1.33198e+08
37	32	4.72602e-06
37	33	5.96604e+07
37	34	-5.19632e+06
37	35	1.00971e+07
37	36	1.10892e+07
37	37	1.59709e+09
37	38	1.23854e-07
37	39	2.52233e+08
37	40	4.49885e+08
37	76	5.8378e-24
37	77	-4.3957e-10
37	78	7.70247e-10
37	79	-3335
37	80	6.10051e-08
37	81	3.48806e-08
38	32	-98757
38	34	-4.23887e+06
38	35	101628
38	36	-209829
38	37	1.23854e-07
38	38	4.61562e+08
38	39	1.63415e+07
38	41	2.08102e+08
38	76	1.59032e-09
38	77	-101628
38	78	209829
38	79	6.10051e-08
38	80	1.66242e+07
38	81	8.0491e+06
39	30	-5.19632e+06
39	31	5.96604e+07
39	32	3.02488e-06
39	33	4.40655e+07
39	34	-3.32589e+06
39	35	57997.5
39	36	5.09469e+06
39	37	2.52233e+08
39	28	3.32589e+06
39	38	1.63415e+07
39	39	1.65926e+08
39	42	-1.044e+06
39	76	7.70247e-10
39	77	-57997.5
39	78	101628
39	79	3.48806e-08
39	80	8.0491e+06
39	81	4.59886e+06
40	35	1.00971e+07
40	37	4.49885e+08
40	40	1.06469e+09
41	34	-4.23887e+06
41	38	2.08102e+08
41	41	4.27728e+08
42	39	-1.044e+06
42	42	1.044e+06
43	43	1.06469e+09
43	44	-6.27458e-20
43	45	6.44917e-06
43	46	-8.61484e-22
43	47	1.00971e+07
43	48	2.44888e-07
43	49	4.49885e+08
43	50	-3.07558e-20
43	51	2.73412e-06
44	43	-6.27458e-20
44	44	4.27728e+08
44	45	1.03485e-05
44	46	-4.23887e+06
44	47	7.70372e-34
44	48	-2.57015e-08
44	49	-3.07558e-20
44	50	2.08102e+08
44	51	5.07245e-06
45	43	6.44917e-06
45	44	1.03485e-05
45	45	1.044e+06
45	46	-1.02806e-07
45	47	6.1222e-08
45	48	8.61484e-22
45	49	2.73412e-06
45	50	5.07245e-06
45	51	-1.044e+06
46	7	-7.00813e-26
46	6	3.77272e-09
46	9	-1.08893e-10
46	8	4.9823e-11
46	5	7.54537e-09
46	43	-8.61484e-22
46	4	-497833
46	44	-4.23887e+06
46	45	-1.02806e-07
46	46	1.23961e+06
46	47	-3.7759e-09
46	48	-308467
46	49	1.02572e+07
46	50	-4.23887e+06
46	51	6.23235e+06
46	52	-187426
46	54	308467
46	55	1.02572e+07
46	57	6.23235e+06
46	88	-497833
46	89	-3.76948e-09
46	90	-6.41873e-12
46	91	5.8378e-24
46	92	-7.70247e-10
46	93	-4.3957e-10
47	8	-101628
47	7	-1.98006e-09
47	5	-483.312
47	4	7.54537e-09
47	9	-57997.5
47	43	1.00971e+07
47	44	7.70372e-34
47	6	846.896
47	45	6.1222e-08
47	46	-3.7759e-09
47	47	7.19978e+06
47	48	-1693.79
47	49	1.00971e+07
47	50	-9.31323e-10
47	51	-1.27882e-05
47	53	-7.06419e+06
47	88	-3.76948e-09
47	89	-483.312
47	90	846.896
47	91	-7.70247e-10
47	92	101628
47	93	57997.5
48	8	209829
48	9	101628
48	5	846.896
48	43	2.44888e-07
48	44	-2.57015e-08
48	6	-1748.57
48	45	8.61484e-22
48	46	-308467
48	4	3.77272e-09
48	47	-1693.79
48	7	3.95088e-09
48	48	8.38511e+06
48	49	-2.15566e+07
48	50	1.43517e-06
48	51	-1.02572e+07
48	52	308467
48	54	-648276
48	55	-2.15566e+07
48	57	-1.02572e+07
48	88	-6.41873e-12
48	89	846.896
48	90	-1748.57
48	91	1.59032e-09
48	92	-209829
48	93	-101628
49	5	1.98006e-09
49	6	-3.95088e-09
49	4	7.00813e-26
49	43	4.49885e+08
49	44	-3.07558e-20
49	8	3.13049e-07
49	45	2.73412e-06
49	9	1.56891e-07
49	46	1.02572e+07
49	7	-3335
49	47	1.00971e+07
49	48	-2.15566e+07
49	49	2.25104e+09
49	50	-4.81607e-05
49	51	5.70093e+08
49	52	-1.02572e+07
49	53	-6.42484e-06
49	54	2.15566e+07
49	55	2.47269e+08
49	57	1.12059e+08
49	88	-5.8378e-24
49	89	7.70247e-10
49	90	-1.59032e-09
49	91	-3335
49	92	-1.26022e-07
49	93	-6.10051e-08
50	4	-4.9823e-11
50	5	101628
50	9	8.0491e+06
50	8	1.66242e+07
50	43	-3.07558e-20
50	7	3.13049e-07
50	44	2.08102e+08
50	45	5.07245e-06
50	46	-4.23887e+06
50	47	-9.31323e-10
50	48	1.43517e-06
50	49	-4.81607e-05
50	6	-209829
50	50	4.95404e+08
50	51	3.2683e+07
50	52	7.31562e-07
50	54	-1.45976e-06
50	55	-4.85402e-05
50	56	-205821
50	57	-2.43261e-05
50	88	7.70247e-10
50	89	-101628
50	90	209829
50	91	-1.26022e-07
50	92	1.66242e+07
50	93	8.0491e+06
51	5	57997.5
51	7	1.56891e-07
51	43	2.73412e-06
51	44	5.07245e-06
51	45	-1.044e+06
51	4	1.08893e-10
51	46	6.23235e+06
51	47	-1.27882e-05
51	48	-1.02572e+07
51	8	8.0491e+06
51	49	5.70093e+08
51	6	-101628
51	50	3.2683e+07
51	9	4.59886e+06
51	51	3.54311e+08
51	52	-6.23235e+06
51	53	1.28497e-05
51	54	1.02572e+07
51	55	1.12059e+08
51	57	7.98532e+07
51	88	4.3957e-10
51	89	-57997.5
51	90	101628
51	91	-6.10051e-08
51	92	8.0491e+06
51	93	4.59886e+06
52	12	7.26364e-09
52	13	1.85246e-23
52	10	-960625
52	15	3.98191e-10
52	11	7.28401e-09
52	46	-187426
52	48	308467
52	49	-1.02572e+07
52	50	7.31562e-07
52	51	-6.23235e+06
52	14	2.04597e-09
52	52	2.2961e+06
52	53	-1.36332e-11
52	54	-616935
52	55	5.96046e-07
52	56	2.80959e-07
52	57	4.75599e-07
52	58	-187426
52	60	308467
52	61	1.02572e+07
52	63	6.23235e+06
52	94	-960625
52	95	-7.27038e-09
52	96	-1.36332e-11
52	97	1.23993e-23
52	98	-1.63598e-09
52	99	-1.23779e-09
53	13	-2.87378e-09
53	47	-7.06419e+06
53	11	-1360.97
53	49	-6.42484e-06
53	15	-163316
53	14	-215854
53	12	1798.78
53	51	1.28497e-05
53	10	7.28401e-09
53	52	-1.36332e-11
53	53	1.41311e+07
53	54	-3597.57
53	55	-4.50976e-09
53	56	-9.31323e-10
53	57	6.42426e-06
53	59	-7.06419e+06
53	94	-7.27038e-09
53	95	-1360.97
53	96	1798.78
53	97	-1.63598e-09
53	98	215854
53	99	163316
54	46	308467
54	13	5.31794e-09
54	12	-4048.35
54	15	215854
54	48	-648276
54	49	2.15566e+07
54	50	-1.45976e-06
54	51	1.02572e+07
54	10	7.26364e-09
54	52	-616935
54	11	1798.78
54	53	-3597.57
54	14	485802
54	54	1.30465e+06
54	55	-1.66525e-06
54	56	-5.84871e-07
54	57	-6.03497e-07
54	58	308467
54	60	-648276
54	61	-2.15566e+07
54	63	-1.02572e+07
54	94	-1.36332e-11
54	95	1798.78
54	96	-4048.35
54	97	3.68195e-09
54	98	-485802
54	99	-215854
55	46	1.02572e+07
55	13	-16965
55	12	-5.31794e-09
55	48	-2.15566e+07
55	14	4.17475e-07
55	49	2.47269e+08
55	10	-1.85246e-23
55	15	2.25954e-07
55	50	-4.85402e-05
55	51	1.12059e+08
55	52	5.96046e-07
55	11	2.87378e-09
55	53	-4.50976e-09
55	54	-1.66525e-06
55	55	2.37272e+09
55	56	1.98701e-05
55	57	1.14019e+09
55	58	-1.02572e+07
55	60	2.15566e+07
55	61	2.47269e+08
55	63	1.12059e+08
55	94	-1.23993e-23
55	95	1.63598e-09
55	96	-3.68195e-09
55	97	-16965
55	98	-2.89282e-07
55	99	-1.28194e-07
56	11	215854
56	14	3.81512e+07
56	15	1.69141e+07
56	13	4.17475e-07
56	50	-205821
56	12	-485802
56	52	2.80959e-07
56	10	-2.04597e-09
56	53	-9.31323e-10
56	54	-5.84871e-07
56	55	1.98701e-05
56	56	1.57294e+08
56	57	6.97819e+07
56	58	-2.8055e-07
56	60	5.89604e-07
56	61	1.96056e-05
56	62	-205821
56	63	9.3289e-06
56	94	1.63598e-09
56	95	-215854
56	96	485802
56	97	-2.89282e-07
56	98	3.81512e+07
56	99	1.69141e+07
57	10	-3.98191e-10
57	48	-1.02572e+07
57	49	1.12059e+08
57	50	-2.43261e-05
57	11	163316
57	51	7.98532e+07
57	12	-215854
57	52	4.75599e-07
57	53	6.42426e-06
57	54	-6.03497e-07
57	14	1.69141e+07
57	55	1.14019e+09
57	13	2.25954e-07
57	46	6.23235e+06
57	56	6.97819e+07
57	15	1.28817e+07
57	57	7.2188e+08
57	58	-6.23235e+06
57	59	-6.42484e-06
57	60	1.02572e+07
57	61	1.12059e+08
57	63	7.98532e+07
57	94	1.23779e-09
57	95	-163316
57	96	215854
57	97	-1.28194e-07
57	98	1.69141e+07
57	99	1.28817e+07
58	19	1.85246e-23
58	21	3.98191e-10
58	16	-960625
58	52	-187426
58	20	2.04597e-09
58	54	308467
58	17	7.28401e-09
58	55	-1.02572e+07
58	56	-2.8055e-07
58	57	-6.23235e+06
58	18	7.26364e-09
58	58	2.2961e+06
58	59	-3.64882e-09
58	60	-616935
58	61	-1.78814e-07
58	62	-4.49785e-07
58	63	-6.18897e-10
58	64	-187426
58	66	308467
58	67	1.02572e+07
58	69	6.23235e+06
58	100	-960625
58	101	-3.63519e-09
58	102	-6.8166e-12
58	103	3.09983e-24
58	104	-8.17992e-10
58	105	-6.18897e-10
59	21	-163316
59	18	1798.78
59	53	-7.06419e+06
59	20	-215854
59	19	-2.87378e-09
59	17	-1360.97
59	16	7.28401e-09
59	57	-6.42484e-06
59	58	-3.64882e-09
59	59	1.41311e+07
59	60	-3597.57
59	61	6.42115e-06
59	62	9.31323e-10
59	63	-6.42519e-06
59	65	-7.06419e+06
59	100	-3.63519e-09
59	101	-1360.97
59	102	1798.78
59	103	-8.17992e-10
59	104	215854
59	105	163316
60	21	215854
60	52	308467
60	18	-4048.35
60	54	-648276
60	16	7.26364e-09
60	17	1798.78
60	55	2.15566e+07
60	56	5.89604e-07
60	20	485802
60	57	1.02572e+07
60	19	5.31794e-09
60	58	-616935
60	59	-3597.57
60	60	1.30465e+06
60	61	-1.17368e-07
60	62	8.69855e-07
60	63	1.19209e-07
60	64	308467
60	66	-648276
60	67	-2.15566e+07
60	69	-1.02572e+07
60	100	-6.8166e-12
60	101	1798.78
60	102	-4048.35
60	103	1.84098e-09
60	104	-485802
60	105	-215854
61	21	2.25954e-07
61	52	1.02572e+07
61	17	2.87378e-09
61	54	-2.15566e+07
61	16	-1.85246e-23
61	55	2.47269e+08
61	56	1.96056e-05
61	57	1.12059e+08
61	58	-1.78814e-07
61	19	-16965
61	59	6.42115e-06
61	18	-5.31794e-09
61	20	4.17475e-07
61	60	-1.17368e-07
61	61	2.37272e+09
61	62	-2.83729e-05
61	63	1.14019e+09
61	64	-1.02572e+07
61	65	-6.42484e-06
61	66	2.15566e+07
61	67	2.47269e+08
61	69	1.12059e+08
61	100	-3.09983e-24
61	101	8.17992e-10
61	102	-1.84098e-09
61	103	-16965
61	104	-1.44641e-07
61	105	-6.40969e-08
62	16	-2.04597e-09
62	21	1.69141e+07
62	17	215854
62	19	4.17475e-07
62	18	-485802
62	56	-205821
62	58	-4.49785e-07
62	20	3.81512e+07
62	59	9.31323e-10
62	60	8.69855e-07
62	61	-2.83729e-05
62	62	1.57294e+08
62	63	6.97819e+07
62	64	4.51013e-07
62	66	-8.70153e-07
62	67	-2.89345e-05
62	68	-205821
62	69	-1.49972e-05
62	100	8.17992e-10
62	101	-215854
62	102	485802
62	103	-1.44641e-07
62	104	3.81512e+07
62	105	1.69141e+07
63	19	2.25954e-07
63	54	-1.02572e+07
63	55	1.12059e+08
63	17	163316
63	56	9.3289e-06
63	21	1.28817e+07
63	57	7.98532e+07
63	58	-6.18897e-10
63	18	-215854
63	16	-3.98191e-10
63	59	-6.42519e-06
63	20	1.69141e+07
63	60	1.19209e-07
63	61	1.14019e+09
63	52	6.23235e+06
63	62	6.97819e+07
63	63	7.2188e+08
63	64	-6.23235e+06
63	65	6.42484e-06
63	66	1.02572e+07
63	67	1.12059e+08
63	69	7.98532e+07
63	100	6.18897e-10
63	101	-163316
63	102	215854
63	103	-6.40969e-08
63	104	1.69141e+07
63	105	1.28817e+07
64	25	4.1764e-23
64	24	1.08852e-08
64	23	5.47323e-09
64	58	-187426
64	26	4.29594e-09
64	22	-960625
64	27	1.52563e-09
64	60	308467
64	61	-1.02572e+07
64	62	4.51013e-07
64	63	-6.23235e+06
64	64	2.2961e+06
64	65	-3.65564e-09
64	66	-616935
64	67	-5.96046e-08
64	68	4.549e-07
64	69	5.92952e-08
64	70	-187426
64	72	308467
64	73	1.02572e+07
64	75	6.23235e+06
64	106	-960625
64	107	-1.81759e-09
64	108	-3.4083e-12
64	109	7.74958e-25
64	110	-4.08996e-10
64	111	-3.09449e-10
65	24	1798.78
65	22	5.47323e-09
65	23	-1360.97
65	59	-7.06419e+06
65	26	-215854
65	27	-163316
65	61	-6.42484e-06
65	63	6.42484e-06
65	25	-3.08368e-09
65	64	-3.65564e-09
65	65	1.41311e+07
65	66	-3597.57
65	67	-6.42833e-06
65	68	-9.31323e-10
65	69	6.42426e-06
65	71	-7.06419e+06
65	106	-1.81759e-09
65	107	-1360.97
65	108	1798.78
65	109	-4.08996e-10
65	110	215854
65	111	163316
66	58	308467
66	23	1798.78
66	24	-4048.35
66	60	-648276
66	61	2.15566e+07
66	25	5.21544e-09
66	22	1.08852e-08
66	62	-8.70153e-07
66	63	1.02572e+07
66	26	485802
66	27	215854
66	64	-616935
66	65	-3597.57
66	66	1.30465e+06
66	67	-1.18289e-07
66	68	-8.6613e-07
66	69	5.21541e-08
66	70	308467
66	72	-648276
66	73	-2.15566e+07
66	75	-1.02572e+07
66	106	-3.4083e-12
66	107	1798.78
66	108	-4048.35
66	109	9.20488e-10
66	110	-485802
66	111	-215854
67	27	2.42786e-07
67	58	1.02572e+07
67	60	-2.15566e+07
67	24	-5.21544e-09
67	23	3.08368e-09
67	61	2.47269e+08
67	25	-16965
67	62	-2.89345e-05
67	22	-4.1764e-23
67	26	4.09252e-07
67	63	1.12059e+08
67	64	-5.96046e-08
67	65	-6.42833e-06
67	66	-1.18289e-07
67	67	2.37272e+09
67	68	2.96284e-05
67	69	1.14019e+09
67	70	-1.02572e+07
67	71	6.42484e-06
67	72	2.15566e+07
67	73	2.47269e+08
67	75	1.12059e+08
67	106	-7.74958e-25
67	107	4.08996e-10
67	108	-9.20488e-10
67	109	-16965
67	110	-7.23204e-08
67	111	-3.20484e-08
68	23	215854
68	26	3.81512e+07
68	62	-205821
68	64	4.549e-07
68	22	-4.29594e-09
68	24	-485802
68	25	4.09252e-07
68	65	-9.31323e-10
68	66	-8.6613e-07
68	67	2.96284e-05
68	27	1.69141e+07
68	68	1.57294e+08
68	69	6.97819e+07
68	70	-4.51013e-07
68	72	8.70153e-07
68	73	2.89345e-05
68	74	-205821
68	75	1.49972e-05
68	106	4.08996e-10
68	107	-215854
68	108	485802
68	109	-7.23204e-08
68	110	3.81512e+07
68	111	1.69141e+07
69	60	-1.02572e+07
69	26	1.69141e+07
69	61	1.12059e+08
69	62	-1.49972e-05
69	22	-1.52563e-09
69	25	2.42786e-07
69	63	7.98532e+07
69	23	163316
69	64	5.92952e-08
69	27	1.28817e+07
69	65	6.42426e-06
69	66	5.21541e-08
69	24	-215854
69	67	1.14019e+09
69	58	6.23235e+06
69	68	6.97819e+07
69	69	7.2188e+08
69	70	-6.23235e+06
69	71	-6.42484e-06
69	72	1.02572e+07
69	73	1.12059e+08
69	75	7.98532e+07
69	106	3.09449e-10
69	107	-163316
69	108	215854
69	109	-3.20484e-08
69	110	1.69141e+07
69	111	1.28817e+07
70	31	1.76024e-23
70	64	-187426
70	29	2.74003e-09
70	32	3.06846e-09
70	33	1.17181e-09
70	66	308467
70	67	-1.02572e+07
70	28	-960625
70	68	-4.51013e-07
70	69	-6.23235e+06
70	30	7.25512e-09
70	70	2.34115e+06
70	71	-1.83123e-09
70	72	-684030
70	73	1.01379e+06
70	74	5.55871e-07
70	75	744469
70	76	-232475
70	78	375562
70	79	1.1271e+07
70	81	6.97682e+06
70	112	-960625
70	113	-9.08797e-10
70	114	-1.70415e-12
70	115	1.9374e-25
70	116	-2.04498e-10
70	117	-1.54724e-10
71	30	1798.78
71	31	-1.85129e-09
71	33	-163316
71	65	-7.06419e+06
71	32	-215854
71	29	-1360.97
71	67	6.42484e-06
71	69	-6.42484e-06
71	28	2.74003e-09
71	70	-1.83123e-09
71	71	1.4894e+07
71	72	-3597.57
71	73	-7.12078e-06
71	74	9.31323e-10
71	75	7.1181e-06
71	77	-7.82712e+06
71	112	-9.08797e-10
71	113	-1360.97
71	114	1798.78
71	115	-2.04498e-10
71	116	215854
71	117	163316
72	30	-4048.35
72	32	485802
72	64	308467
72	31	3.01672e-09
72	66	-648276
72	29	1798.78
72	67	2.15566e+07
72	33	215854
72	68	8.70153e-07
72	28	7.25512e-09
72	69	1.02572e+07
72	70	-684030
72	71	-3597.57
72	72	1.44994e+06
72	73	-2.25907e+06
72	74	-1.06357e-06
72	75	-1.01379e+06
72	76	375562
72	78	-793564
72	79	-2.38157e+07
72	81	-1.1271e+07
72	112	-1.70415e-12
72	113	1798.78
72	114	-4048.35
72	115	4.60244e-10
72	116	-485802
72	117	-215854
73	30	-3.01672e-09
73	64	1.02572e+07
73	28	-1.76024e-23
73	33	1.45833e-07
73	66	-2.15566e+07
73	67	2.47269e+08
73	68	2.89345e-05
73	29	1.85129e-09
73	69	1.12059e+08
73	70	1.01379e+06
73	71	-7.12078e-06
73	72	-2.25907e+06
73	31	-16965
73	32	2.36674e-07
73	73	2.42136e+09
73	74	3.23242e-05
73	75	1.1621e+09
73	76	-1.1271e+07
73	77	7.11872e-06
73	78	2.38157e+07
73	79	1.94486e+08
73	81	8.4504e+07
73	112	-1.9374e-25
73	113	2.04498e-10
73	114	-4.60244e-10
73	115	-16965
73	116	-3.61602e-08
73	117	-1.60242e-08
74	32	3.81512e+07
74	28	-3.06846e-09
74	31	2.36674e-07
74	33	1.69141e+07
74	68	-205821
74	30	-485802
74	70	5.55871e-07
74	71	9.31323e-10
74	72	-1.06357e-06
74	73	3.23242e-05
74	29	215854
74	74	1.57316e+08
74	75	6.97819e+07
74	76	-5.53007e-07
74	78	1.06331e-06
74	79	3.19112e-05
74	80	-228049
74	81	1.65963e-05
74	112	2.04498e-10
74	113	-215854
74	114	485802
74	115	-3.61602e-08
74	116	3.81512e+07
74	117	1.69141e+07
75	31	1.45833e-07
75	66	-1.02572e+07
75	32	1.69141e+07
75	30	-215854
75	67	1.12059e+08
75	68	1.49972e-05
75	29	163316
75	69	7.98532e+07
75	28	-1.17181e-09
75	70	744469
75	71	7.1181e-06
75	33	1.28817e+07
75	72	-1.01379e+06
75	73	1.1621e+09
75	64	6.23235e+06
75	74	6.97819e+07
75	75	7.3778e+08
75	76	-6.97682e+06
75	77	-7.11872e-06
75	78	1.1271e+07
75	79	8.4504e+07
75	81	6.82376e+07
75	112	1.54724e-10
75	113	-163316
75	114	215854
75	115	-1.60242e-08
75	116	1.69141e+07
75	117	1.28817e+07
76	38	1.59032e-09
76	34	-497833
76	39	7.70247e-10
76	37	5.8378e-24
76	70	-232475
76	72	375562
76	35	6.41873e-12
76	73	-1.1271e+07
76	74	-5.53007e-07
76	36	3.75989e-09
76	75	-6.97682e+06
76	76	1.28466e+06
76	77	-6.41873e-12
76	78	-375562
76	79	-1.1271e+07
76	80	-4.23887e+06
76	81	-6.97682e+06
76	83	-4.23887e+06
76	118	-497833
77	37	-4.3957e-10
77	38	-101628
77	34	6.41873e-12
77	39	-57997.5
77	71	-7.82712e+06
77	36	846.896
77	35	-483.312
77	73	7.11872e-06
77	75	-7.11872e-06
77	76	-6.41873e-12
77	77	7.96271e+06
77	78	-1693.79
77	79	1.00971e+07
77	80	-9.31323e-10
77	81	6.14673e-08
77	82	1.00971e+07
77	84	6.1222e-08
77	119	-483.312
77	120	846.896
77	122	101628
77	123	57997.5
78	36	-1748.57
78	38	209829
78	70	375562
78	39	101628
78	72	-793564
78	34	3.75989e-09
78	37	7.70247e-10
78	73	2.38157e+07
78	35	846.896
78	74	1.06331e-06
78	75	1.1271e+07
78	76	-375562
78	77	-1693.79
78	78	8.53039e+06
78	79	2.38157e+07
78	80	-2.42144e-08
78	81	1.1271e+07
78	83	-2.57015e-08
78	119	846.896
78	120	-1748.57
78	122	-209829
78	123	-101628
79	39	3.48806e-08
79	38	6.10051e-08
79	36	-7.70247e-10
79	70	1.1271e+07
79	72	-2.38157e+07
79	73	1.94486e+08
79	74	3.19112e-05
79	35	4.3957e-10
79	75	8.4504e+07
79	37	-3335
79	76	-1.1271e+07
79	34	-5.8378e-24
79	77	1.00971e+07
79	78	2.38157e+07
79	79	2.29967e+09
79	80	1.23854e-07
79	81	5.92006e+08
79	82	4.49885e+08
79	84	2.73412e-06
79	121	-3335
80	38	1.66242e+07
80	37	6.10051e-08
80	36	-209829
80	35	101628
80	74	-228049
80	76	-4.23887e+06
80	77	-9.31323e-10
80	34	-1.59032e-09
80	78	-2.42144e-08
80	39	8.0491e+06
80	79	1.23854e-07
80	80	4.95426e+08
80	81	3.2683e+07
80	83	2.08102e+08
80	119	-101628
80	120	209829
80	122	1.66242e+07
80	123	8.0491e+06
81	70	6.97682e+06
81	35	57997.5
81	36	-101628
81	72	-1.1271e+07
81	73	8.4504e+07
81	34	-7.70247e-10
81	74	1.65963e-05
81	75	6.82376e+07
81	76	-6.97682e+06
81	38	8.0491e+06
81	77	6.14673e-08
81	37	3.48806e-08
81	78	1.1271e+07
81	79	5.92006e+08
81	80	3.2683e+07
81	39	4.59886e+06
81	81	3.70211e+08
81	82	2.73412e-06
81	84	-1.044e+06
81	119	-57997.5
81	120	101628
81	122	8.0491e+06
81	123	4.59886e+06
82	77	1.00971e+07
82	79	4.49885e+08
82	81	2.73412e-06
82	82	1.06469e+09
82	84	6.44917e-06
83	76	-4.23887e+06
83	78	-2.57015e-08
83	80	2.08102e+08
83	83	4.27728e+08
84	77	6.1222e-08
84	79	2.73412e-06
84	81	-1.044e+06
84	82	6.44917e-06
84	84	1.044e+06
85	85	1.06469e+09
85	86	-6.27458e-20
85	87	1.28983e-05
85	88	-8.61484e-22
85	89	1.00971e+07
85	90	1.22444e-07
85	91	4.49885e+08
85	92	-3.07558e-20
85	93	5.46824e-06
86	85	-6.27458e-20
86	86	4.27728e+08
86	87	5.17423e-06
86	88	-4.23887e+06
86	89	7.70372e-34
86	90	-5.1403e-08
86	91	-3.07558e-20
86	92	2.08102e+08
86	93	2.53623e-06
87	85	1.28983e-05
87	86	5.17423e-06
87	87	1.044e+06
87	88	-5.1403e-08
87	89	1.22444e-07
87	90	8.61484e-22
87	91	5.46824e-06
87	92	2.53623e-06
87	93	-1.044e+06
88	49	-5.8378e-24
88	46	-497833
88	51	4.3957e-10
88	50	7.70247e-10
88	47	-3.76948e-09
88	85	-8.61484e-22
88	48	-6.41873e-12
88	86	-4.23887e+06
88	87	-5.1403e-08
88	88	1.23961e+06
88	89	3.77269e-09
88	90	-308467
88	91	1.02572e+07
88	92	-4.23887e+06
88	93	6.23235e+06
88	94	-187426
88	96	308467
88	97	1.02572e+07
88	99	6.23235e+06
88	130	-497833
88	131	-3.20936e-12
88	132	-1.87994e-09
88	133	-1.45945e-24
88	134	7.95159e-10
88	135	3.85124e-10
89	47	-483.312
89	51	-57997.5
89	48	846.896
89	49	7.70247e-10
89	46	-3.76948e-09
89	50	-101628
89	85	1.00971e+07
89	86	7.70372e-34
89	87	1.22444e-07
89	88	3.77269e-09
89	89	7.19978e+06
89	90	-1693.79
89	91	1.00971e+07
89	92	4.65661e-10
89	93	-2.5576e-05
89	95	-7.06419e+06
89	130	-3.20936e-12
89	131	-483.312
89	132	846.896
89	133	-2.19785e-10
89	134	101628
89	135	57997.5
90	48	-1748.57
90	47	846.896
90	46	-6.41873e-12
90	85	1.22444e-07
90	49	-1.59032e-09
90	86	-5.1403e-08
90	87	8.61484e-22
90	51	101628
90	88	-308467
90	50	209829
90	89	-1693.79
90	90	8.38511e+06
90	91	-2.15566e+07
90	92	2.58628e-06
90	93	-1.02572e+07
90	94	308467
90	96	-648276
90	97	-2.15566e+07
90	99	-1.02572e+07
90	130	-1.87994e-09
90	131	846.896
90	132	-1748.57
90	133	3.85124e-10
90	134	-209829
90	135	-101628
91	48	1.59032e-09
91	51	-6.10051e-08
91	46	5.8378e-24
91	50	-1.26022e-07
91	49	-3335
91	85	4.49885e+08
91	86	-3.07558e-20
91	87	5.46824e-06
91	88	1.02572e+07
91	89	1.00971e+07
91	47	-7.70247e-10
91	90	-2.15566e+07
91	91	2.25104e+09
91	92	-8.8069e-05
91	93	5.70093e+08
91	94	-1.02572e+07
91	95	-6.42484e-06
91	96	2.15566e+07
91	97	2.47269e+08
91	99	1.12059e+08
91	130	1.45945e-24
91	131	2.19785e-10
91	132	-3.85124e-10
91	133	-3335
91	134	-3.05026e-08
91	135	-1.74403e-08
92	49	-1.26022e-07
92	85	-3.07558e-20
92	51	8.0491e+06
92	86	2.08102e+08
92	87	2.53623e-06
92	88	-4.23887e+06
92	48	-209829
92	47	101628
92	89	4.65661e-10
92	90	2.58628e-06
92	46	-7.70247e-10
92	91	-8.8069e-05
92	50	1.66242e+07
92	92	4.95404e+08
92	93	3.2683e+07
92	94	1.29266e-06
92	96	-2.63896e-06
92	97	-8.77515e-05
92	98	-205821
92	99	-4.29839e-05
92	130	-7.95159e-10
92	131	-101628
92	132	209829
92	133	-3.05026e-08
92	134	1.66242e+07
92	135	8.0491e+06
93	46	-4.3957e-10
93	51	4.59886e+06
93	49	-6.10051e-08
93	47	57997.5
93	85	5.46824e-06
93	86	2.53623e-06
93	87	-1.044e+06
93	88	6.23235e+06
93	48	-101628
93	89	-2.5576e-05
93	90	-1.02572e+07
93	50	8.0491e+06
93	91	5.70093e+08
93	92	3.2683e+07
93	93	3.54311e+08
93	94	-6.23235e+06
93	95	2.56994e-05
93	96	1.02572e+07
93	97	1.12059e+08
93	99	7.98532e+07
93	130	-3.85124e-10
93	131	-57997.5
93	132	101628
93	133	-1.74403e-08
93	134	8.0491e+06
93	135	4.59886e+06
94	57	1.23779e-09
94	53	-7.27038e-09
94	88	-187426
94	56	1.63598e-09
94	90	308467
94	91	-1.02572e+07
94	54	-1.36332e-11
94	92	1.29266e-06
94	55	-1.23993e-23
94	52	-960625
94	93	-6.23235e+06
94	94	2.2961e+06
94	95	7.27038e-09
94	96	-616935
94	97	4.76837e-07
94	98	5.62735e-07
94	99	4.76837e-07
94	100	-187426
94	102	308467
94	103	1.02572e+07
94	105	6.23235e+06
94	136	-960625
95	57	-163316
95	54	1798.78
95	55	1.63598e-09
95	89	-7.06419e+06
95	53	-1360.97
95	91	-6.42484e-06
95	93	2.56994e-05
95	94	7.27038e-09
95	56	-215854
95	52	-7.27038e-09
95	95	1.41311e+07
95	96	-3597.57
95	97	1.63598e-09
95	98	3.72529e-09
95	99	1.28541e-05
95	101	-7.06419e+06
95	137	-1360.97
95	138	1798.78
95	140	215854
95	141	163316
96	57	215854
96	52	-1.36332e-11
96	88	308467
96	55	-3.68195e-09
96	56	485802
96	53	1798.78
96	90	-648276
96	91	2.15566e+07
96	54	-4048.35
96	92	-2.63896e-06
96	93	1.02572e+07
96	94	-616935
96	95	-3597.57
96	96	1.30465e+06
96	97	-1.3113e-06
96	98	-1.19396e-06
96	99	-4.88013e-07
96	100	308467
96	102	-648276
96	103	-2.15566e+07
96	105	-1.02572e+07
96	137	1798.78
96	138	-4048.35
96	140	-485802
96	141	-215854
97	54	3.68195e-09
97	88	1.02572e+07
97	90	-2.15566e+07
97	57	-1.28194e-07
97	91	2.47269e+08
97	55	-16965
97	92	-8.77515e-05
97	53	-1.63598e-09
97	93	1.12059e+08
97	56	-2.89282e-07
97	94	4.76837e-07
97	95	1.63598e-09
97	52	1.23993e-23
97	96	-1.3113e-06
97	97	2.37272e+09
97	98	3.86169e-05
97	99	1.14019e+09
97	100	-1.02572e+07
97	102	2.15566e+07
97	103	2.47269e+08
97	105	1.12059e+08
97	139	-16965
98	55	-2.89282e-07
98	52	-1.63598e-09
98	92	-205821
98	57	1.69141e+07
98	54	-485802
98	94	5.62735e-07
98	53	215854
98	95	3.72529e-09
98	96	-1.19396e-06
98	56	3.81512e+07
98	97	3.86169e-05
98	98	1.57294e+08
98	99	6.97819e+07
98	100	-5.61099e-07
98	102	1.17921e-06
98	103	3.92113e-05
98	104	-205821
98	105	1.86578e-05
98	137	-215854
98	138	485802
98	140	3.81512e+07
98	141	1.69141e+07
99	53	163316
99	52	-1.23779e-09
99	90	-1.02572e+07
99	57	1.28817e+07
99	91	1.12059e+08
99	92	-4.29839e-05
99	54	-215854
99	93	7.98532e+07
99	94	4.76837e-07
99	55	-1.28194e-07
99	95	1.28541e-05
99	56	1.69141e+07
99	96	-4.88013e-07
99	97	1.14019e+09
99	88	6.23235e+06
99	98	6.97819e+07
99	99	7.2188e+08
99	100	-6.23235e+06
99	101	-1.28497e-05
99	102	1.02572e+07
99	103	1.12059e+08
99	105	7.98532e+07
99	137	-163316
99	138	215854
99	140	1.69141e+07
99	141	1.28817e+07
100	60	-6.8166e-12
100	58	-960625
100	59	-3.63519e-09
100	94	-187426
100	61	-3.09983e-24
100	63	6.18897e-10
100	96	308467
100	62	8.17992e-10
100	97	-1.02572e+07
100	98	-5.61099e-07
100	99	-6.23235e+06
100	100	2.2961e+06
100	101	3.64201e-09
100	102	-616935
100	103	-1.19209e-07
100	104	-7.28903e-07
100	105	9.0225e-08
100	106	-187426
100	108	308467
100	109	1.02572e+07
100	111	6.23235e+06
100	142	-960625
100	143	-6.8166e-12
100	144	-3.62501e-09
100	145	-3.09983e-24
100	146	1.84098e-09
100	147	8.17992e-10
101	59	-1360.97
101	61	8.17992e-10
101	62	-215854
101	60	1798.78
101	95	-7.06419e+06
101	63	-163316
101	58	-3.63519e-09
101	99	-1.28497e-05
101	100	3.64201e-09
101	101	1.41311e+07
101	102	-3597.57
101	103	6.42504e-06
101	104	4.65661e-09
101	105	-1.28439e-05
101	107	-7.06419e+06
101	142	-6.8166e-12
101	143	-1360.97
101	144	1798.78
101	145	-6.18897e-10
101	146	215854
101	147	163316
102	58	-6.8166e-12
102	94	308467
102	62	485802
102	61	-1.84098e-09
102	96	-648276
102	97	2.15566e+07
102	63	215854
102	98	1.17921e-06
102	59	1798.78
102	99	1.02572e+07
102	60	-4048.35
102	100	-616935
102	101	-3597.57
102	102	1.30465e+06
102	103	-5.95228e-07
102	104	1.45473e-06
102	105	-6.70552e-08
102	106	308467
102	108	-648276
102	109	-2.15566e+07
102	111	-1.02572e+07
102	142	-3.62501e-09
102	143	1798.78
102	144	-4048.35
102	145	8.17992e-10
102	146	-485802
102	147	-215854
103	61	-16965
103	94	1.02572e+07
103	58	3.09983e-24
103	63	-6.40969e-08
103	96	-2.15566e+07
103	59	-8.17992e-10
103	97	2.47269e+08
103	98	3.92113e-05
103	99	1.12059e+08
103	100	-1.19209e-07
103	60	1.84098e-09
103	62	-1.44641e-07
103	101	6.42504e-06
103	102	-5.95228e-07
103	103	2.37272e+09
103	104	-4.89696e-05
103	105	1.14019e+09
103	106	-1.02572e+07
103	107	-6.42484e-06
103	108	2.15566e+07
103	109	2.47269e+08
103	111	1.12059e+08
103	142	3.09983e-24
103	143	6.18897e-10
103	144	-8.17992e-10
103	145	-16965
103	146	-6.40969e-08
103	147	-4.88802e-08
104	58	-8.17992e-10
104	98	-205821
104	63	1.69141e+07
104	60	-485802
104	100	-7.28903e-07
104	101	4.65661e-09
104	102	1.45473e-06
104	59	215854
104	62	3.81512e+07
104	103	-4.89696e-05
104	61	-1.44641e-07
104	104	1.57294e+08
104	105	6.97819e+07
104	106	7.31562e-07
104	108	-1.45976e-06
104	109	-4.85402e-05
104	110	-205821
104	111	-2.43261e-05
104	142	-1.84098e-09
104	143	-215854
104	144	485802
104	145	-6.40969e-08
104	146	3.81512e+07
104	147	1.69141e+07
105	63	1.28817e+07
105	96	-1.02572e+07
105	58	-6.18897e-10
105	97	1.12059e+08
105	61	-6.40969e-08
105	98	1.86578e-05
105	60	-215854
105	62	1.69141e+07
105	99	7.98532e+07
105	100	9.0225e-08
105	101	-1.28439e-05
105	102	-6.70552e-08
105	103	1.14019e+09
105	94	6.23235e+06
105	104	6.97819e+07
105	59	163316
105	105	7.2188e+08
105	106	-6.23235e+06
105	107	1.28497e-05
105	108	1.02572e+07
105	109	1.12059e+08
105	111	7.98532e+07
105	142	-8.17992e-10
105	143	-163316
105	144	215854
105	145	-4.88802e-08
105	146	1.69141e+07
105	147	1.28817e+07
106	69	3.09449e-10
106	66	-3.4083e-12
106	68	4.08996e-10
106	67	-7.74958e-25
106	100	-187426
106	102	308467
106	64	-960625
106	103	-1.02572e+07
106	65	-1.81759e-09
106	104	7.31562e-07
106	105	-6.23235e+06
106	106	2.2961e+06
106	107	1.83123e-09
106	108	-616935
106	109	-1.78814e-07
106	110	7.35653e-07
106	111	3.14383e-08
106	112	-187426
106	114	308467
106	115	1.02572e+07
106	117	6.23235e+06
106	148	-960625
106	149	-1.36332e-11
106	150	-7.25001e-09
106	151	-1.23993e-23
106	152	3.68195e-09
106	153	1.63598e-09
107	68	-215854
107	67	4.08996e-10
107	101	-7.06419e+06
107	66	1798.78
107	69	-163316
107	65	-1360.97
107	103	-6.42484e-06
107	105	1.28497e-05
107	64	-1.81759e-09
107	106	1.83123e-09
107	107	1.41311e+07
107	108	-3597.57
107	109	-6.42567e-06
107	110	-1.86265e-09
107	111	1.28523e-05
107	113	-7.06419e+06
107	148	-1.36332e-11
107	149	-1360.97
107	150	1798.78
107	151	-1.23779e-09
107	152	215854
107	153	163316
108	100	308467
108	68	485802
108	69	215854
108	64	-3.4083e-12
108	102	-648276
108	103	2.15566e+07
108	104	-1.45976e-06
108	66	-4048.35
108	65	1798.78
108	105	1.02572e+07
108	106	-616935
108	67	-9.20488e-10
108	107	-3597.57
108	108	1.30465e+06
108	109	-3.55992e-07
108	110	-1.451e-06
108	111	5.21541e-08
108	112	308467
108	114	-648276
108	115	-2.15566e+07
108	117	-1.02572e+07
108	148	-7.25001e-09
108	149	1798.78
108	150	-4048.35
108	151	1.63598e-09
108	152	-485802
108	153	-215854
109	66	9.20488e-10
109	68	-7.23204e-08
109	102	-2.15566e+07
109	67	-16965
109	64	7.74958e-25
109	103	2.47269e+08
109	104	-4.85402e-05
109	65	-4.08996e-10
109	105	1.12059e+08
109	106	-1.78814e-07
109	69	-3.20484e-08
109	107	-6.42567e-06
109	108	-3.55992e-07
109	100	1.02572e+07
109	109	2.37272e+09
109	110	4.81271e-05
109	111	1.14019e+09
109	112	-1.02572e+07
109	113	6.42484e-06
109	114	2.15566e+07
109	115	2.47269e+08
109	117	1.12059e+08
109	148	1.23993e-23
109	149	1.23779e-09
109	150	-1.63598e-09
109	151	-16965
109	152	-1.28194e-07
109	153	-9.77604e-08
110	67	-7.23204e-08
110	66	-485802
110	104	-205821
110	69	1.69141e+07
110	65	215854
110	68	3.81512e+07
110	106	7.35653e-07
110	107	-1.86265e-09
110	108	-1.451e-06
110	64	-4.08996e-10
110	109	4.81271e-05
110	110	1.57294e+08
110	111	6.97819e+07
110	112	-7.31562e-07
110	114	1.45976e-06
110	115	4.85402e-05
110	116	-205821
110	117	2.43261e-05
110	148	-3.68195e-09
110	149	-215854
110	150	485802
110	151	-1.28194e-07
110	152	3.81512e+07
110	153	1.69141e+07
111	65	163316
111	103	1.12059e+08
111	69	1.28817e+07
111	104	-2.43261e-05
111	66	-215854
111	105	7.98532e+07
111	106	3.14383e-08
111	68	1.69141e+07
111	107	1.28523e-05
111	67	-3.20484e-08
111	108	5.21541e-08
111	100	6.23235e+06
111	64	-3.09449e-10
111	109	1.14019e+09
111	102	-1.02572e+07
111	110	6.97819e+07
111	111	7.2188e+08
111	112	-6.23235e+06
111	113	-1.28497e-05
111	114	1.02572e+07
111	115	1.12059e+08
111	117	7.98532e+07
111	148	-1.63598e-09
111	149	-163316
111	150	215854
111	151	-9.77604e-08
111	152	1.69141e+07
111	153	1.28817e+07
112	73	-1.9374e-25
112	106	-187426
112	70	-960625
112	74	2.04498e-10
112	75	1.54724e-10
112	108	308467
112	72	-1.70415e-12
112	71	-9.08797e-10
112	109	-1.02572e+07
112	110	-7.31562e-07
112	111	-6.23235e+06
112	112	2.34115e+06
112	113	9.15614e-10
112	114	-684030
112	115	1.01379e+06
112	116	8.96624e-07
112	117	744469
112	118	-232475
112	120	375562
112	121	1.1271e+07
112	123	6.97682e+06
112	154	-960625
112	155	-6.8166e-12
112	156	-3.62501e-09
112	157	-3.09983e-24
112	158	1.84098e-09
112	159	8.17992e-10
113	71	-1360.97
113	72	1798.78
113	73	2.04498e-10
113	74	-215854
113	107	-7.06419e+06
113	75	-163316
113	109	6.42484e-06
113	70	-9.08797e-10
113	111	-1.28497e-05
113	112	9.15614e-10
113	113	1.4894e+07
113	114	-3597.57
113	115	-7.11914e-06
113	116	4.65661e-09
113	117	1.42436e-05
113	119	-7.82712e+06
113	154	-6.8166e-12
113	155	-1360.97
113	156	1798.78
113	157	-6.18897e-10
113	158	215854
113	159	163316
114	73	-4.60244e-10
114	106	308467
114	74	485802
114	108	-648276
114	109	2.15566e+07
114	72	-4048.35
114	75	215854
114	110	1.45976e-06
114	71	1798.78
114	111	1.02572e+07
114	70	-1.70415e-12
114	112	-684030
114	113	-3597.57
114	114	1.44994e+06
114	115	-2.25907e+06
114	116	-1.79e-06
114	117	-1.01379e+06
114	118	375562
114	120	-793564
114	121	-2.38157e+07
114	123	-1.1271e+07
114	154	-3.62501e-09
114	155	1798.78
114	156	-4048.35
114	157	8.17992e-10
114	158	-485802
114	159	-215854
115	71	-2.04498e-10
115	70	1.9374e-25
115	108	-2.15566e+07
115	72	4.60244e-10
115	109	2.47269e+08
115	110	4.85402e-05
115	73	-16965
115	111	1.12059e+08
115	112	1.01379e+06
115	74	-3.61602e-08
115	113	-7.11914e-06
115	75	-1.60242e-08
115	114	-2.25907e+06
115	106	1.02572e+07
